mean_input: [2956.72709189 2.5283259445874164 -5.438111765797045 -4.1025975765917195 -4.699070709195326 -2.881454780363684 -4.385654976157952 -3.7956894057884987 -6.789143798793498 -7.730484564315195 -8.578886724315526]
std_input: [501.4102174203994 1.698358326516434 1.3154661894411996 0.36656193576330753 1.8098146654788787 0.559485991177212 1.9590018037143582 2.346061558875507 0.6405861575838689 0.5417785489460962 0.36355110441930144]
mean_output: [-0.22493440812253954 -0.00021178103914977812 0.09598705204807048 -0.0028171157133543368 0.11995289616559786 -0.0043368326884552725 0.13829109873023024 0.14141218900955257 0.123413515386871 0.10179375068110098 0.04166377532615144]
std_output: [1.5280170317625061 0.0022700798991742194 0.27450738479097336 0.007042649670663552 0.32766892028720074 0.010330234167893332 0.38918323394933796 0.39577176284508175 0.38836704795524407 0.3106844085124481 0.1308471473682494]