mean_input: [2538.7252981771667 1.4968949298724117 0.00026139349238459757 0.0006836228213652665 9.119475856244847e-05 0.0003232258403353846 0.00015281981258271547 0.0005768115354261364 1.7154399261178745e-07 5.906045473961997e-09]
std_input: [488.83693923358146 0.6808636342263729 0.0002249335770655644 0.0006423932375358137 8.008161328271101e-05 0.00033465584582178306 0.0001296107444578717 0.0004404429690362582 5.224167837214294e-07 7.392337985831263e-09]
mean_output: [0.013205246539591401 9.667149134894117e-06 2.952815965894965e-12 8.754008434513651e-12 -5.2949871969473225e-12 9.861607983702619e-12 -1.213964705318969e-11 -4.75606921684571e-12 1.2765347565123745e-12 -4.279101126426547e-14]
std_output: [0.026900012707420793 2.450924253236899e-05 7.158297179867783e-10 1.3078713664207902e-09 2.1999569813175253e-10 6.363046125965692e-10 3.1955349189018533e-10 8.198440810707166e-10 1.8991085269398893e-11 8.481976350935504e-13]