mean_input: [2956.72709189 2.5283259445874164 -5.438111765797045 -4.1025975765917195 -4.699070709195326 -2.881454780363684 -4.385654976157952 -3.7956894057884987 -6.789143798793498 -7.730484564315195 -8.578886724315526]
std_input: [501.4102174203994 1.698358326516434 1.3154661894411996 0.36656193576330753 1.8098146654788787 0.559485991177212 1.9590018037143582 2.346061558875507 0.6405861575838689 0.5417785489460962 0.36355110441930144]
mean_output: [-0.021745859061591856 -1.9991451035556897e-05 0.03956740944565701 -0.00028706154536964514 0.038787658592679186 -0.0004339453857258475 0.045146499302010965 0.037082328155969166 0.054864740203626916 0.03728887958031289 0.017555724366782093]
std_output: [0.1540343949520538 0.0002316653517628214 0.15181016332852554 0.0007239100107016864 0.14056687082161703 0.0010330995104410943 0.164058691466649 0.13279503075697044 0.21486691822189544 0.1404683395820605 0.07076767726197271]