mean_input: [2957.432525595368 2.5302383202484555 -5.436548790022723 -4.103226189385397 -4.696586724608626 -2.882590306507168 -4.382794890417709 -3.7925200917271154 -6.789082067317951 -7.730256237954359 -8.57845020393275]
std_input: [501.07125754475754 1.7022599071194513 1.3143183966790397 0.3663628173711173 1.8084071398707917 0.5593134248724109 1.9575447830765766 2.344167170267116 0.6398534309446826 0.5411979820006582 0.36326197658822096]
mean_output: [-0.021694017081708962 -1.9943791552458082e-05 0.03947308101104838 -0.00028637719260077754 0.038695189078792845 -0.00043291086288205666 0.04503887035518625 0.03699392413822824 0.05473394303668766 0.03719998314538324 0.017513871639470904]
std_output: [0.15385433191361458 0.00023139109658889897 0.15164137575312034 0.0007231821106961492 0.1404119577130132 0.0010320843141902085 0.16387780798245183 0.1326489729671735 0.21462732325567518 0.1403125865924669 0.07068845703180292]