mean_input: [2256.9796979623766 1.6248675506453514 0.0003573486024685811 0.0008005809363067496 0.00011414179656652058 0.00039239222266261695 0.00016047428554523323 0.0007809581497748215 5.359780099030961e-08 1.0559671809837364e-08]
std_input: [372.948274694017 0.2848690894757366 0.0002804564274890787 0.0007477426683485557 8.714156903400817e-05 0.00038558162812864726 9.563922517809939e-05 0.0004216077916737351 5.339551713995062e-08 9.874895883954346e-09]
mean_output: [0.029758921335157756 2.3555261167417158e-05 -8.296371205235482e-12 -9.184771699867243e-12 -8.224054590898972e-12 2.0374386034345523e-12 -9.417641214968833e-12 -1.0145431333027942e-11]
std_output: [0.03369401680208199 3.1003211058382795e-05 1.5855925529199236e-10 4.139232332505585e-10 5.559991154043259e-10 2.389029369908445e-10 2.907141223942106e-10 2.961372111662469e-10]