mean_input: [2918.670344799308 2.6488950643520184 0.00044301173655859487 0.0011026431308613655 0.00016376097691423843 0.0005101191970174271 0.00027711375684869244 0.0007715838597207443 1.050587284567008e-06 1.6868840331887916e-08]
std_input: [512.9366446126068 1.9129053326825878 0.00042267062906077346 0.0012256851779144456 0.0001690984213197313 0.0006291534035289281 0.00029677865684890896 0.0008602145147465477 3.34210741533314e-06 3.3073900891941374e-08]
mean_output: [-0.012093304620985505 4.1616230066346715e-06 -1.3353763925063698e-11 3.570265612782326e-10 -1.8132397228832693e-10 1.5222567569804352e-10 -3.136589662089829e-10 -3.173444760241561e-10 2.6022750355125524e-10 -6.289471957977006e-12]
std_output: [0.17733157042896777 0.00030768240799606205 1.2839008697042913e-08 2.3662402417018718e-08 4.0373013505062785e-09 1.1354260350247727e-08 7.067810293803287e-09 1.5025245146011267e-08 2.6568099825968032e-09 1.1016768154503885e-10]