mean_input: [2918.670344799308 2.6488950643520184 0.00044301173655859487 0.0011026431308613655 0.00016376097691423843 0.0005101191970174271 0.00027711375684869244 0.0007715838597207443 1.050587284567008e-06 1.6868840331887916e-08]
std_input: [512.9366446126068 1.9129053326825878 0.00042267062906077346 0.0012256851779144456 0.0001690984213197313 0.0006291534035289281 0.00029677865684890896 0.0008602145147465477 3.34210741533314e-06 3.3073900891941374e-08]
mean_output: [-0.012093304620985505 4.1616230066346715e-06 -9.186306908022609e-11 3.3114748211424033e-10 -2.641191083263788e-10 -3.0772566346705245e-10 3.992282646419644e-10 9.279024380721984e-11]
std_output: [0.17733157042896777 0.00030768240799606205 6.36284845910605e-09 2.5047956918674094e-08 4.9271372178130565e-09 9.755511286030368e-09 1.435640867639398e-08 1.2621887141018089e-08]