mean_input: [2538.7252981771667 1.4968949298724117 0.00026139349238459757 0.0006836228213652665 9.119475856244847e-05 0.0003232258403353846 0.00015281981258271547 0.0005768115354261364 1.7154399261178745e-07 5.906045473961997e-09]
std_input: [488.83693923358146 0.6808636342263729 0.0002249335770655644 0.0006423932375358137 8.008161328271101e-05 0.00033465584582178306 0.0001296107444578717 0.0004404429690362582 5.224167837214294e-07 7.392337985831263e-09]
mean_output: [0.013205246539591401 9.667149134894117e-06 6.846477688952358e-08 -1.5126465320424708e-07 2.455948402104569e-08 -7.920697298345607e-08 3.242167374566635e-08 1.0061533745013255e-07 4.0526987694473667e-10 3.4554980863015495e-12]
std_output: [0.026900012707420793 2.450924253236899e-05 2.615853417469866e-07 5.289079539381166e-07 9.092283281305632e-08 2.718303949923898e-07 1.236562759590166e-07 3.414766402128448e-07 4.7643345552088205e-09 3.6014546231156314e-11]