mean_input: [2538.7252981771667 1.4968949298724117 0.00026139349238459757 0.0006836228213652665 9.119475856244847e-05 0.0003232258403353846 0.00015281981258271547 0.0005768115354261364 1.7154399261178745e-07 5.906045473961997e-09]
std_input: [488.83693923358146 0.6808636342263729 0.0002249335770655644 0.0006423932375358137 8.008161328271101e-05 0.00033465584582178306 0.0001296107444578717 0.0004404429690362582 5.224167837214294e-07 7.392337985831263e-09]
mean_output: [0.013205246539591401 9.667149134894117e-06 -3.433720741676451e-12 1.358414089424363e-11 -1.1771923230936282e-11 -5.8818880276099464e-12 3.5055250340363523e-12 6.926566332422818e-13]
std_output: [0.026900012707420793 2.450924253236899e-05 3.341605324186989e-10 1.4057761965792067e-09 2.0340604177717135e-10 5.231738694698917e-10 7.44820733248856e-10 7.022312148925159e-10]