mean_input: [2918.670344799308 2.6488950643520184 0.0013292962554978655 0.006191373149459404 0.0077965703201017846 0.04541846605356265 0.013592910425396093 0.03970168013730712 0.000102867518514976 1.4027899306346266e-06]
std_input: [512.9366446126068 1.9129053326825878 0.0008420389461936712 0.003982081653740858 0.005665410555231136 0.03484736535986509 0.009294150715421796 0.02529681116017358 0.0002889430853119964 2.2308818607144053e-06]
mean_output: [-0.012093304620985505 4.1616230066346715e-06 9.785085496136726e-07 -4.322807187404568e-06 6.263488256054901e-06 -3.847136124739925e-05 1.0381733224641453e-05 2.4089737527555713e-05 1.074863865042849e-06 5.8370118885070435e-09]
std_output: [0.17733157042896777 0.00030768240799606205 2.5062774509791516e-06 1.022631100272951e-05 1.4896053872854245e-05 8.62858470228272e-05 2.5908704501094245e-05 5.729346374342878e-05 9.112482527416237e-06 5.8726950911940405e-08]